12.6685
13.1752
13.682
15.2022
17.7359
21.2831
26.3505
33.4448
43.5796
54.7279
65.8762
74.9975
81.5851
83.1054
81.5851
77.0245
71.9571
65.8762
58.7818
50.1673
42.0594
36.4853
32.9381
31.4179
33.4448
36.4853
40.0325
45.6066
52.701
63.3425
72.4638
80.5717
85.6391
90.1997
92.7334
94.2536
95.7739
96.7873
97.8008
98.8143
99.321
100.335
100.335
100.335
100.841
102.361
102.868
103.375
104.388
104.895
105.909
105.909
105.909
106.922
107.429
107.429
107.936
107.936
108.949
108.949
108.949
108.949
107.936
107.429
105.909
105.402
104.388
103.375
102.361
101.348
100.335
100.335
100.335
100.335
100.841
102.868
104.895
106.922
109.456
111.99
114.523
116.55
117.564
118.07
117.564
116.043
115.537
115.537
114.523
113.51
112.496
112.496
112.496
112.496
112.496
113.51
114.523
114.523
114.523
115.537
115.537
116.043
116.043
115.537
114.523
111.99
107.936
104.388
100.335
96.7873
94.2536
91.2132
89.693
88.1728
87.666
87.1593
87.1593
87.1593
87.666
87.666
87.1593
87.1593
87.666
89.1862
92.2267
96.7873
102.361
104.895
105.909
105.402
104.895
104.895
103.375
100.335
96.7873
92.2267
89.693
87.666
87.1593
87.666
88.1728
88.1728
88.1728
88.1728
88.1728
88.1728
88.1728
89.693
91.2132
93.7469
96.7873
100.841
104.895
108.949
111.99
114.523
116.043
116.55
116.55
116.55
116.043
115.537
114.523
114.016
112.496
112.496
112.496
112.496
112.496
113.51
114.016
115.537
116.043
116.55
117.564
117.564
117.564
116.55
114.523
112.496
109.963
107.936
105.909
104.388
102.361
101.348
101.348
101.348
101.348
101.348
102.361
102.868
103.375
104.895
105.402
105.402
105.402
105.909
105.909
105.402
105.402
104.895
104.895
105.402
105.402
104.388
104.388
104.388
104.388
103.375
102.868
102.361
102.361
101.348
100.841
100.335
100.335
98.8143
97.8008
96.7873
96.2806
95.7739
94.7604
94.2536
92.7334
91.7199
89.693
85.6391
79.5582
72.9706
63.3425
52.701
44.0864
38.0055
35.4718
33.4448
32.4314
32.9381
36.4853
41.5527
48.1403
54.2212
60.8088
68.4099
78.5447
85.1323
87.666
85.1323
77.0245
66.3829
56.2481
46.1133
36.4853
28.3774
22.2966
17.7359
