1.99978
2.21188
1.76182
1.32728
2.35931
4.63546
25.6821
59.8709
34.4737
72.7467
48.7229
46.9874
60.5098
75.2763
87.8158
67.6227
35.3092
10.7526
8.72477
41.8324
90.6222
101.83
106.118
107.561
107.955
102.854
114.561
119.281
131.632
126.919
132.798
132.827
134.247
131.262
131.564
129.578
129.992
130.403
130.644
129.963
129.503
129.793
127.416
121.534
117.657
119.033
118.614
122.315
126.091
129.674
122.214
120.254
115.481
116.917
123.696
134.086
144.15
142.919
144.293
141.166
141.895
140.555
135.933
135.33
135.894
135.998
132.78
134.723
136.184
135.237
128
122.568
117.794
98.4439
74.9814
71.2775
70.173
62.4445
59.1984
61.7151
65.7966
64.6793
77.6559
82.7721
80.8658
87.6037
116.901
133.967
134.997
134.565
126.764
107.06
85.6457
75.253
71.8129
73.1864
69.2471
62.7419
63.2153
61.8211
61.6789
63.5282
70.0489
85.087
108.674
118.844
125.709
133.176
134.539
136.523
136.029
132.997
131.523
134.19
133.843
134.924
136.083
141.267
138.897
137.674
140.312
139.332
130.297
119.915
112.199
111.721
117.238
123.453
129.524
132.796
134.58
120.991
114.4
110.42
109.623
114.905
118.011
119.93
124.195
125.848
127.739
128.649
128.978
122.074
112.287
106.801
106.302
103.878
102.714
100.304
95.5185
89.5203
91.2766
96.1393
98.418
97.2049
83.3851
32.0139
8.9679
11.9993
7.65136
24.5181
49.4084
83.2247
65.6751
45.5415
23.0128
33.6796
24.3966
40.7098
14.7824
5.12173
